0  7.00 200
1  7.00 1
2  7.00 50
3  7.00 200
4  7.00 100
5  7.00 200
6  7.00 200
7  7.00 400
8  7.00 300
9  7.00 200
10 7.00 200
11 7.00 200
12 7.00 300
13 7.00 200
14 7.00 300
15 7.00 200
0  4.00 100
1  4.00 1
2  4.00 10
3  4.00 150
4  4.00 75
5  4.00 100
6  4.00 100
7  4.00 300
8  4.00 150
9  4.00 150
10 4.00 150
11 4.00 150
12 4.00 150
13 4.00 150
14 4.00 150
15 4.00 100
0  3.50 100
1  3.50 1
2  3.50 10
3  3.50 150
4  3.50 50
5  3.50 50
6  3.50 50
7  3.50 200
8  3.50 150
9  3.50 100
10 3.50 150
11 3.50 100
12 3.50 100
13 3.50 100
14 3.50 100
15 3.50 100
0  3.00 50
1  3.00 1
2  3.00 1
3  3.00 80
4  3.00 10
5  3.00 10
6  3.00 20
7  3.00 120
8  3.00 100
9  3.00 75
10 3.00 100
11 3.00 100
12 3.00 50
13 3.00 100
14 3.00 60
15 3.00 100
0  2.00 20
1  2.00 1
2  2.00 1
3  2.00 10
4  2.00 1
5  2.00 1
6  2.00 1
7  2.00 75
8  2.00 40
9  2.00 25
10 2.00 50
11 2.00 50
12 2.00 5
13 2.00 50
14 2.00 30
15 2.00 50
0  1.50 10
1  1.50 1
2  1.50 1
3  1.50 10
4  1.50 1
5  1.50 1
6  1.50 1
7  1.50 10
8  1.50 10
9  1.50 2
10 1.50 10
11 1.50 10
12 1.50 1
13 1.50 10
14 1.50 1
15 1.50 10
