0  1.20 5
1  1.20 1
2  1.20 1
3  1.20 5
4  1.20 1
5  1.20 1
6  1.20 1
7  1.20 5
8  1.20 1
9  1.20 1
10 1.20 5
11 1.20 5
12 1.20 1
13 1.20 5
14 1.20 5
15 1.20 5
0  1.30 5
1  1.30 1
2  1.30 1
3  1.30 5
4  1.30 1
5  1.30 1
6  1.30 1
7  1.30 5
8  1.30 1
9  1.30 1
10 1.30 5
11 1.30 5
12 1.30 1
13 1.30 5
14 1.30 5
15 1.30 5
0  1.50 5
1  1.50 1
2  1.50 1
3  1.50 5
4  1.50 1
5  1.50 1
6  1.50 1
7  1.50 5
8  1.50 1
9  1.50 1
10 1.50 5
11 1.50 5
12 1.50 1
13 1.50 5
14 1.50 5
15 1.50 5
0  1.70 10
1  1.70 1
2  1.70 1
3  1.70 10
4  1.70 1
5  1.70 1
6  1.70 1
7  1.70 10
8  1.70 1
9  1.70 1
10 1.70 10
11 1.70 10
12 1.70 1
13 1.70 10
14 1.70 10
15 1.70 10
0  1.90 10
1  1.90 1
2  1.90 1
3  1.90 10
4  1.90 1
5  1.90 1
6  1.90 1
7  1.90 10
8  1.90 1
9  1.90 1
10 1.90 10
11 1.90 10
12 1.90 1
13 1.90 10
14 1.90 10
15 1.90 10
0  2.10 10
1  2.10 1
2  2.10 1
3  2.10 10
4  2.10 1
5  2.10 1
6  2.10 1
7  2.10 10
8  2.10 1
9  2.10 1
10 2.10 10
11 2.10 10
12 2.10 1
13 2.10 10
14 2.10 10
15 2.10 10
0  2.50 10
1  2.50 1
2  2.50 1
3  2.50 10
4  2.50 1
5  2.50 1
6  2.50 1
7  2.50 10
8  2.50 1
9  2.50 1
10 2.50 10
11 2.50 10
12 2.50 1
13 2.50 10
14 2.50 10
15 2.50 10

