0  1.00 1
1  1.00 1
2  1.00 2
3  1.00 20
4  1.00 50
5  1.00 50
6  1.00 1
7  1.00 50
8  1.00 20
9  1.00 10
10 1.00 2
11 1.00 10
12 1.00 20
13 1.00 20
14 1.00 1
15 1.00 100
0  1.50 1
1  1.50 1
2  1.50 2
3  1.50 20
4  1.50 50
5  1.50 50
6  1.50 1
7  1.50 50
8  1.50 20
9  1.50 10
10 1.50 2
11 1.50 10
12 1.50 20
13 1.50 20
14 1.50 1
15 1.50 100
0  2.00 1
1  2.00 1
2  2.00 10
3  2.00 10
4  2.00 10
5  2.00 10
6  2.00 1
7  2.00 10
8  2.00 10
9  2.00 10
10 2.00 10
11 2.00 10
12 2.00 10
13 2.00 10
14 2.00 1
15 2.00 1
0  3.50 1
1  3.50 1
2  3.50 20
3  3.50 100
4  3.50 100
5  3.50 100
6  3.50 1
7  3.50 100
8  3.50 100
9  3.50 50
10 3.50 40
11 3.50 50
12 3.50 100
13 3.50 75
14 3.50 1
15 3.50 1
