0  0.50 1
1  0.50 1
2  0.50 2
3  0.50 2
4  0.50 2
5  0.50 2
6  0.50 1
7  0.50 2
8  0.50 2
9  0.50 2
10 0.50 2
11 0.50 2
12 0.50 2
13 0.50 2
14 0.50 1
15 0.50 1
0  0.80 1
1  0.80 1
2  0.80 2
3  0.80 20
4  0.80 50
5  0.80 50
6  0.80 1
7  0.80 50
8  0.80 20
9  0.80 10
10 0.80 2
11 0.80 10
12 0.80 20
13 0.80 20
14 0.80 1
15 0.80 100
0  1.00 5
1  1.00 1
2  1.00 2
3  1.00 20
4  1.00 50
5  1.00 50
6  1.00 1
7  1.00 50
8  1.00 20
9  1.00 10
10 1.00 2
11 1.00 10
12 1.00 20
13 1.00 20
14 1.00 1
15 1.00 100
0  1.50 50
1  1.50 1
2  1.50 2
3  1.50 50
4  1.50 50
5  1.50 50
6  1.50 1
7  1.50 50
8  1.50 50
9  1.50 50
10 1.50 20
11 1.50 20
12 1.50 20
13 1.50 50
14 1.50 1
15 1.50 1
0  3.50 100
1  3.50 1
2  3.50 10
3  3.50 50
4  3.50 100
5  3.50 100
6  3.50 1
7  3.50 100
8  3.50 100
9  3.50 50
10 3.50 10
11 3.50 10
12 3.50 50
13 3.50 50
14 3.50 1
15 3.50 2
