0  4.00 100
1  4.00 50
2  4.00 10
3  4.00 150
4  4.00 75
5  4.00 100
6  4.00 100
7  4.00 300
8  4.00 150
9  4.00 150
10 4.00 150
11 4.00 150
12 4.00 150
13 4.00 150
14 4.00 150
15 4.00 100
0  3.50 100
1  3.50 50
2  3.50 10
3  3.50 100
4  3.50 50
5  3.50 50
6  3.50 50
7  3.50 200
8  3.50 150
9  3.50 100
10 3.50 150
11 3.50 100
12 3.50 100
13 3.50 100
14 3.50 100
15 3.50 100
0  3.00 100
1  3.00 5
2  3.00 1
3  3.00 70
4  3.00 20
5  3.00 20
6  3.00 50
7  3.00 150
8  3.00 100
9  3.00 75
10 3.00 100
11 3.00 100
12 3.00 75
13 3.00 100
14 3.00 100
15 3.00 100
0  2.00 10
1  2.00 1
2  2.00 1
3  2.00 10
4  2.00 1
5  2.00 1
6  2.00 1
7  2.00 50
8  2.00 20
9  2.00 10
10 2.00 20
11 2.00 20
12 2.00 1
13 2.00 20
14 2.00 20
15 2.00 1
0  1.50 10
1  1.50 1
2  1.50 1
3  1.50 5
4  1.50 1
5  1.50 1
6  1.50 1
7  1.50 5
8  1.50 5
9  1.50 5
10 1.50 10
11 1.50 10
12 1.50 1
13 1.50 5
14 1.50 5
15 1.50 1
