0  5.00 100
1  5.00 100
2  5.00 100
3  5.00 100
4  5.00 100
5  5.00 100
6  5.00 100
7  5.00 100
8  5.00 100
9  5.00 100
10 5.00 100
11 5.00 100
12 5.00 100
13 5.00 100
14 5.00 100
15 5.00 100
0  3.50 100
1  3.50 100
2  3.50 100
3  3.50 100
4  3.50 100
5  3.50 100
6  3.50 100
7  3.50 100
8  3.50 100
9  3.50 100
10 3.50 100
11 3.50 100
12 3.50 100
13 3.50 100
14 3.50 100
15 3.50 100
0  2.50 50
1  2.50 50
2  2.50 50
3  2.50 50
4  2.50 50
5  2.50 50
6  2.50 50
7  2.50 50
8  2.50 50
9  2.50 50
10 2.50 50
11 2.50 50
12 2.50 50
13 2.50 50
14 2.50 50
15 2.50 50
0  1.50 50
1  1.50 50
2  1.50 50
3  1.50 50
4  1.50 50
5  1.50 50
6  1.50 50
7  1.50 50
8  1.50 50
9  1.50 50
10 1.50 50
11 1.50 50
12 1.50 50
13 1.50 50
14 1.50 50
15 1.50 50
