0  1.20 2
1  1.20 1
2  1.20 1
3  1.20 2
4  1.20 1
5  1.20 1
6  1.20 1
7  1.20 5
8  1.20 1
9  1.20 1
10 1.20 5
11 1.20 5
12 1.20 1
13 1.20 5
14 1.20 5
15 1.20 5
0  1.40 5
1  1.40 1
2  1.40 1
3  1.40 5
4  1.40 1
5  1.40 1
6  1.40 1
7  1.40 5
8  1.40 1
9  1.40 1
10 1.40 5
11 1.40 5
12 1.40 1
13 1.40 5
14 1.40 5
15 1.40 5
0  1.60 5
1  1.60 1
2  1.60 1
3  1.60 5
4  1.60 1
5  1.60 1
6  1.60 1
7  1.60 5
8  1.60 1
9  1.60 1
10 1.60 5
11 1.60 5
12 1.60 1
13 1.60 5
14 1.60 5
15 1.60 5
0  1.80 10
1  1.80 1
2  1.80 1
3  1.80 10
4  1.80 1
5  1.80 1
6  1.80 1
7  1.80 10
8  1.80 1
9  1.80 1
10 1.80 10
11 1.80 10
12 1.80 1
13 1.80 5
14 1.80 5
15 1.80 10
0  2.00 10
1  2.00 1
2  2.00 1
3  2.00 10
4  2.00 1
5  2.00 1
6  2.00 1
7  2.00 10
8  2.00 1
9  2.00 1
10 2.00 10
11 2.00 10
12 2.00 1
13 2.00 10
14 2.00 10
15 2.00 10
0  2.40 10
1  2.40 1
2  2.40 1
3  2.40 10
4  2.40 1
5  2.40 1
6  2.40 1
7  2.40 10
8  2.40 1
9  2.40 1
10 2.40 10
11 2.40 10
12 2.40 1
13 2.40 10
14 2.40 10
15 2.40 10
0  2.80 10
1  2.80 1
2  2.80 1
3  2.80 10
4  2.80 1
5  2.80 1
6  2.80 1
7  2.80 10
8  2.80 1
9  2.80 1
10 2.80 10
11 2.80 10
12 2.80 1
13 2.80 10
14 2.80 10
15 2.80 10
0  3.00 10
1  3.00 1
2  3.00 1
3  3.00 20
4  3.00 1
5  3.00 1
6  3.00 1
7  3.00 40
8  3.00 1
9  3.00 5
10 3.00 40
11 3.00 40
12 3.00 1
13 3.00 30
14 3.00 30
15 3.00 30

