0  0.60 2
1  0.60 1
2  0.60 1
3  0.60 5
4  0.60 5
5  0.60 5
6  0.60 1
7  0.60 5
8  0.60 1
9  0.60 1
10 0.60 1
11 0.60 1
12 0.60 2
13 0.60 2
14 0.60 1
15 0.60 1
0  0.80 10
1  0.80 1
2  0.80 1
3  0.80 20
4  0.80 50
5  0.80 50
6  0.80 1
7  0.80 50
8  0.80 2
9  0.80 2
10 0.80 1
11 0.80 1
12 0.80 50
13 0.80 20
14 0.80 1
15 0.80 1
0  1.00 50
1  1.00 1
2  1.00 1
3  1.00 50
4  1.00 100
5  1.00 100
6  1.00 1
7  1.00 100
8  1.00 20
9  1.00 20
10 1.00 1
11 1.00 10
12 1.00 50
13 1.00 50
14 1.00 1
15 1.00 10
0  1.25 100
1  1.25 1
2  1.25 1
3  1.25 50
4  1.25 100
5  1.25 100
6  1.25 1
7  1.25 100
8  1.25 20
9  1.25 20
10 1.25 2
11 1.25 10
12 1.25 100
13 1.25 50
14 1.25 1
15 1.25 10
0  1.50 100
1  1.50 1
2  1.50 1
3  1.50 100
4  1.50 100
5  1.50 100
6  1.50 1
7  1.50 100
8  1.50 50
9  1.50 50
10 1.50 2
11 1.50 20
12 1.50 100
13 1.50 50
14 1.50 1
15 1.50 20
0  2.00 100
1  2.00 1
2  2.00 1
3  2.00 100
4  2.00 150
5  2.00 150
6  2.00 1
7  2.00 200
8  2.00 50
9  2.00 50
10 2.00 5
11 2.00 30
12 2.00 150
13 2.00 100
14 2.00 1
15 2.00 50
0  2.50 100
1  2.50 1
2  2.50 1
3  2.50 100
4  2.50 150
5  2.50 150
6  2.50 1
7  2.50 200
8  2.50 50
9  2.50 50
10 2.50 5
11 2.50 30
12 2.50 150
13 2.50 100
14 2.50 1
15 2.50 50
0  3.50 100
1  3.50 5
2  3.50 20
3  3.50 100
4  3.50 100
5  3.50 100
6  3.50 1
7  3.50 100
8  3.50 100
9  3.50 50
10 3.50 20
11 3.50 20
12 3.50 100
13 3.50 100
14 3.50 1
15 3.50 20
