0  0.60 50
1  0.60 50
2  0.60 25
3  0.60 2
4  0.60 50
5  0.60 50
6  0.60 50
7  0.60 50
8  0.60 50
9  0.60 50
10 0.60 10
11 0.60 50
12 0.60 10
13 0.60 50
14 0.60 50
15 0.60 2
0  0.80 2
1  0.80 2
2  0.80 2
3  0.80 2
4  0.80 50
5  0.80 20
6  0.80 50
7  0.80 50
8  0.80 50
9  0.80 30
10 0.80 5
11 0.80 10
12 0.80 5
13 0.80 20
14 0.80 50
15 0.80 2
0  1.00 50
1  1.00 50
2  1.00 5
3  1.00 2
4  1.00 75
5  1.00 25
6  1.00 100
7  1.00 100
8  1.00 100
9  1.00 50
10 1.00 10
11 1.00 10
12 1.00 10
13 1.00 50
14 1.00 50
15 1.00 1
0  1.25 50
1  1.25 50
2  1.25 5
3  1.25 2
4  1.25 75
5  1.25 25
6  1.25 100
7  1.25 100
8  1.25 100
9  1.25 50
10 1.25 10
11 1.25 10
12 1.25 10
13 1.25 50
14 1.25 50
15 1.25 1
0  1.50 50
1  1.50 50
2  1.50 5
3  1.50 2
4  1.50 75
5  1.50 25
6  1.50 100
7  1.50 100
8  1.50 100
9  1.50 50
10 1.50 10
11 1.50 10
12 1.50 10
13 1.50 50
14 1.50 50
15 1.50 1
0  2.00 50
1  2.00 50
2  2.00 5
3  2.00 2
4  2.00 75
5  2.00 25
6  2.00 100
7  2.00 100
8  2.00 100
9  2.00 50
10 2.00 10
11 2.00 10
12 2.00 10
13 2.00 50
14 2.00 50
15 2.00 1
