0  0.60 5
1  0.60 5
2  0.60 5
3  0.60 5
4  0.60 5
5  0.60 5
6  0.60 5
7  0.60 5
8  0.60 5
9  0.60 5
10 0.60 5
11 0.60 5
12 0.60 5
13 0.60 5
14 0.60 5
15 0.60 5
0  0.80 10
1  0.80 10
2  0.80 10
3  0.80 10
4  0.80 10
5  0.80 10
6  0.80 10
7  0.80 10
8  0.80 10
9  0.80 10
10 0.80 10
11 0.80 10
12 0.80 10
13 0.80 10
14 0.80 10
15 0.80 10
0  1.00 10
1  1.00 10
2  1.00 10
3  1.00 10
4  1.00 10
5  1.00 10
6  1.00 10
7  1.00 10
8  1.00 10
9  1.00 10
10 1.00 10
11 1.00 10
12 1.00 10
13 1.00 10
14 1.00 10
15 1.00 10
0  1.25 15
1  1.25 15
2  1.25 15
3  1.25 15
4  1.25 15
5  1.25 15
6  1.25 15
7  1.25 15
8  1.25 15
9  1.25 15
10 1.25 15
11 1.25 15
12 1.25 15
13 1.25 15
14 1.25 15
15 1.25 15
0  1.50 50
1  1.50 50
2  1.50 50
3  1.50 50
4  1.50 50
5  1.50 50
6  1.50 50
7  1.50 50
8  1.50 50
9  1.50 50
10 1.50 50
11 1.50 50
12 1.50 50
13 1.50 50
14 1.50 50
15 1.50 50
0  2.00 50
1  2.00 50
2  2.00 50
3  2.00 50
4  2.00 50
5  2.00 50
6  2.00 50
7  2.00 50
8  2.00 50
9  2.00 50
10 2.00 50
11 2.00 50
12 2.00 50
13 2.00 50
14 2.00 50
15 2.00 50
0  2.50 50
1  2.50 50
2  2.50 50
3  2.50 50
4  2.50 50
5  2.50 50
6  2.50 50
7  2.50 50
8  2.50 50
9  2.50 50
10 2.50 50
11 2.50 50
12 2.50 50
13 2.50 50
14 2.50 50
15 2.50 50
0  3.00 50
1  3.00 50
2  3.00 50
3  3.00 50
4  3.00 50
5  3.00 50
6  3.00 50
7  3.00 50
8  3.00 50
9  3.00 50
10 3.00 50
11 3.00 50
12 3.00 50
13 3.00 50
14 3.00 50
15 3.00 50
0  3.50 200
1  3.50 200
2  3.50 200
3  3.50 200
4  3.50 200
5  3.50 200
6  3.50 200
7  3.50 200
8  3.50 200
9  3.50 200
10 3.50 200
11 3.50 200
12 3.50 200
13 3.50 200
14 3.50 200
15 3.50 200
