0  1.00 10
1  1.00 10
2  1.00 10
3  1.00 10
4  1.00 10
5  1.00 10
6  1.00 10
7  1.00 10
8  1.00 10
9  1.00 10
10 1.00 10
11 1.00 10
12 1.00 10
13 1.00 10
14 1.00 10
15 1.00 10
0  1.25 50
1  1.25 50
2  1.25 50
3  1.25 50
4  1.25 50
5  1.25 50
6  1.25 50
7  1.25 50
8  1.25 50
9  1.25 50
10 1.25 50
11 1.25 50
12 1.25 50
13 1.25 50
14 1.25 50
15 1.25 50
0  1.50 50
1  1.50 50
2  1.50 50
3  1.50 50
4  1.50 50
5  1.50 50
6  1.50 50
7  1.50 50
8  1.50 50
9  1.50 50
10 1.50 50
11 1.50 50
12 1.50 50
13 1.50 50
14 1.50 50
15 1.50 50
0  2.00 100
1  2.00 100
2  2.00 100
3  2.00 100
4  2.00 100
5  2.00 100
6  2.00 100
7  2.00 100
8  2.00 100
9  2.00 100
10 2.00 100
11 2.00 100
12 2.00 100
13 2.00 100
14 2.00 100
15 2.00 100
0  2.50 100
1  2.50 100
2  2.50 100
3  2.50 100
4  2.50 100
5  2.50 100
6  2.50 100
7  2.50 100
8  2.50 100
9  2.50 100
10 2.50 100
11 2.50 100
12 2.50 100
13 2.50 100
14 2.50 100
15 2.50 100
0  3.00 200
1  3.00 200
2  3.00 200
3  3.00 200
4  3.00 200
5  3.00 200
6  3.00 200
7  3.00 200
8  3.00 200
9  3.00 200
10 3.00 200
11 3.00 200
12 3.00 200
13 3.00 200
14 3.00 200
15 3.00 200
0  3.50 200
1  3.50 200
2  3.50 200
3  3.50 200
4  3.50 200
5  3.50 200
6  3.50 200
7  3.50 200
8  3.50 200
9  3.50 200
10 3.50 200
11 3.50 200
12 3.50 200
13 3.50 200
14 3.50 200
15 3.50 200
