0  0.60 75
1  0.60 75
2  0.60 75
3  0.60 2
4  0.60 75
5  0.60 75
6  0.60 75
7  0.60 75
8  0.60 75
9  0.60 75
10 0.60 75
11 0.60 75
12 0.60 75
13 0.60 75
14 0.60 75
15 0.60 10
0  0.80 50
1  0.80 50
2  0.80 25
3  0.80 2
4  0.80 50
5  0.80 50
6  0.80 50
7  0.80 50
8  0.80 50
9  0.80 50
10 0.80 25
11 0.80 50
12 0.80 25
13 0.80 50
14 0.80 50
15 0.80 5
0  1.00 100
1  1.00 100
2  1.00 50
3  1.00 2
4  1.00 100
5  1.00 75
6  1.00 150
7  1.00 150
8  1.00 150
9  1.00 100
10 1.00 50
11 1.00 50
12 1.00 50
13 1.00 50
14 1.00 150
15 1.00 10
0  1.25 100
1  1.25 100
2  1.25 50
3  1.25 2
4  1.25 120
5  1.25 100
6  1.25 150
7  1.25 150
8  1.25 150
9  1.25 100
10 1.25 100
11 1.25 100
12 1.25 75
13 1.25 100
14 1.25 150
15 1.25 20
0  1.50 150
1  1.50 150
2  1.50 75
3  1.50 2
4  1.50 200
5  1.50 100
6  1.50 200
7  1.50 200
8  1.50 200
9  1.50 150
10 1.50 100
11 1.50 100
12 1.50 100
13 1.50 100
14 1.50 200
15 1.50 20
0  2.00 150
1  2.00 200
2  2.00 100
3  2.00 2
4  2.00 200
5  2.00 150
6  2.00 200
7  2.00 200
8  2.00 200
9  2.00 150
10 2.00 150
11 2.00 150
12 2.00 100
13 2.00 150
14 2.00 200
15 2.00 50
